time{
  704,
  725,
  1856,
  1856,
  3221,
  3242,
  4544,
  4544,
  5290,
  5312,
  5952,
  6250,
  6592,
  6976,
  6976,
  7616,
  7957,
  8277,
  9024,
  9216,
  9429,
  9728,
  9770,
  10368,
  10666,
  10944,
  11370,
  12096,
  12138,
  12842,
  13184,
  13482,
  14144,
  14826,
  15552,
  15872,
  16190,
  16533,
  16895,
  17216,
  17536,
  17898,
  17940,
  18581,
  18922,
  19242,
  19626,
  19946,
  20266,
  20629,
  20650,
  21333,
  21674,
  21994,
  22336,
  23018,
  23061,
  23381,
  23552,
  23701,
  24042,
  24362,
  24405,
  25045,
  25749,
  25749,
  26112,
  26261,
  26794,
  27072,
  27157,
  27498,
  27818,
  27840,
  28544,
  28864,
  29226,
  29888,
  30549,
  30869,
  31253,
  31914,
  32597,
  33237,
  33621,
  33920,
  34624,
  35306,
  36032,
  36736,
  37397,
  37760,
  38101,
  38400,
  38762,
  39445,
  39466,
  40106,
  40469,
  40789,
  41493,
  42176,
  42858,
  43178,
  43520,
  44202,
  44864,
  45568,
  45866,
  46250,
  46954,
  47658,
  47680,
  48277,
  48618,
  48960,
  49280,
  49301,
  49621,
  49664,
  49984,
  50304,
  50346,
  50666,
  50773,
  51008,
  51349,
  51669,
  51690,
  51989,
  52160,
  52330,
  52736,
  53056,
  53077,
  53376,
  53546,
  53717,
  54080,
  54378,
  54464,
  54933,
  55082,
  55402,
  55701,
  56384,
  56405,
  57130,
  57450,
  57834,
  58496,
  58517,
  58794,
  58986,
  59157,
  59861,
  59904,
  60224,
  60544,
  60586,
  60906,
  61248,
  61589,
  61909,
  61952,
  62229,
  62613,
  62954,
  63296,
  63296,
  63616,
  63765,
  63914,
  63978,
  64255,
  64469,
  64618,
  64938,
  65280,
  65407,
  65600,
  65813,
  65962,
  66496,
  66496,
  66944,
  66944,
  67413,
  67669,
  67840,
  68266,
  68714,
  68736,
  69248,
  69696,
  69866,
  70037,
  70400,
  70720,
  71040,
  71146,
  71381,
  72085,
  72106,
  72426,
  72597,
  72768,
  73536,
  73557,
  74218,
  74218,
  74538,
  74581,
  74901,
  74922,
  75200,
  75242,
  75562,
  75584,
  76032,
  76181,
  76544,
  76885,
  76906,
  77632,
  77973,
  78165,
  78293,
  78677,
  78976,
  78976,
  79296,
  79616,
  79829,
  80021,
  80213,
  80448,
  80661,
  80981,
  81024,
  81514,
  81621,
  82005,
  82304,
  82346,
  83008,
  83050,
  83520,
  83648,
  84096,
  84416,
  84437,
  84714,
  84736,
  85077,
  85098,
  85589,
  85589,
  86080,
  86122,
  86784,
  87125,
  87360,
  87594,
  87786,
  87829,
  88554,
  88554,
  89045,
  89194,
  89557,
  89877,
  90176,
  90496,
  90538,
  90773,
  90794,
  90986,
  91008,
  91200,
  91242,
  91434,
  91456,
  91904,
  91904,
  92437,
  92544,
  92906,
  93269,
  93546,
  93760,
  93930,
  93973,
  94250,
  94485,
  94613,
  94976,
  95125,
  95552,
  95701,
  96042,
  96085,
  96704,
  97109,
  97237,
  97386,
  98069,
  98112,
  98389,
  98538,
  98709,
  99392,
  99434,
  99690,
  99882,
  100117,
  100416,
  100757,
  101056,
  101418,
  101418,
  101760,
  101781,
  102421,
  102442,
  103104,
  103466,
  103786,
  104192,
  104234,
  104682,
  104725,
  104960,
  104981,
  105237,
  105237,
  105898,
  106005,
  106218,
  106538,
  106901,
  106944,
  107605,
  107626,
  107946,
  108117,
  108266,
  108949,
  108949,
  109546,
  109674,
  110016,
  110336,
  110378,
  110698,
  110890,
  111040,
  111402,
  111722,
  111744,
  112064,
  112213,
  112362,
  112746,
  113088,
  113088,
  113408,
  113600,
  113749,
  114112,
  114410,
  114453,
  114752,
  114922,
  115072,
  115456,
  115776,
  115818,
  116266,
  116437,
  116778,
  117162,
  117461,
  117610,
  117845,
  118208,
  118506,
  118528,
  118826,
  119018,
  119168,
  119552,
  119872,
  119914,
  120213,
  120384,
  120533,
  120874,
  121216,
  121237,
  121536,
  121728,
  121898,
  122240,
  122602,
  122624,
  122922,
  123114,
  123306,
  123584,
  123989,
  123989,
  124288,
  124501,
  124650,
  124992,
  125333,
  125376,
  125653,
  125888,
  126058,
  126400,
  126741,
  126762,
  127040,
  127189,
  127360,
  127722,
  128063,
  128384,
  128746,
  128768,
  129130,
  129408,
  129450,
  129792,
  130111,
  130133,
  130432,
  130794,
  130815,
  131114,
  131285,
  131434,
  131797,
  132138,
  132180,
  132458,
  132629,
  132777,
  133120,
  133461,
  133674,
  134165,
  134186,
  134656,
  134677,
  135082,
  135104,
  135552,
  135829,
  136042,
  136234,
  136384,
  136554,
  136874,
  137386,
  137429,
  137813,
  137920,
  138048,
  138176,
  139072,
  139242,
  139648,
  139648,
  140266,
  140672,
  140820,
  140992,
  141333,
  141504,
  141695,
  142037,
  142400,
  142421,
  142741,
  142762,
  143082,
  143125,
  143402,
  143445,
  143744,
  143786,
  144256,
  144384,
  144725,
  145088,
  145109,
  145770,
  145792,
  146197,
  146346,
  146496,
  146837,
  147136,
  147178,
  147456,
  147626,
  147840,
  148074,
  148266,
  148501,
  148714,
  148906,
  149141,
  149184,
  149696,
  149845,
  150186,
  150506,
  150549,
  151232,
  151232,
  151552,
  151744,
  151914,
  152256,
  152597,
  152640,
  152917,
  153237,
  153557,
  153728,
  154069,
  154282,
  154901,
  154944,
  155285,
  155520,
  155776,
  156010,
  156714,
  156736,
  157397,
  157738,
  158058,
  158272,
  158677,
  158720,
  158954,
  159146,
  159402,
  159637,
  159829,
  160064,
  160106,
  160597,
  160746,
  161109,
  161429,
  161429,
  161770,
  161941,
  162133,
  162816,
  162837,
  163136,
  163306,
  163498,
  164181,
  164202,
  164864,
  164885,
  165568,
  165589,
  166272,
  166592,
  166954,
  166997,
  167616,
  167616,
  168277,
  168298,
  169024,
  169322,
  169621,
  169664,
  170645,
  170666,
  171349,
  171669,
  172330,
  172373,
  173376,
  173397,
  174058,
  174378,
  174720,
  175061,
  175786,
  175808,
  176106,
  176256,
  176469,
  177152,
  177194,
  177493,
  177685,
  177834,
  178517,
  178560,
  178858,
  179050,
  179200,
  179541,
  179541,
  179882,
  179882,
  180565,
  180586,
  180885,
  180906,
  181226,
  181354,
  181568,
  181930,
  181930,
  182272,
  182293,
  182570,
  182720,
  182933,
  183296,
  183296,
  183637,
  183637,
  183914,
  184085,
  184256,
  184640,
  184640,
  184960,
  184960,
  185322,
  185322,
  185557,
  185578,
  185792,
  185813,
  185984,
  186005,
  186666,
  186688,
  187392,
  187434,
  187712,
  187733,
  188074,
  188074,
  188757,
  189077,
  189418,
  190101,
  190421,
  190762,
  190805,
  191424,
  191445,
  191765,
  191765,
  192192,
  192213,
  192832,
  192874,
  193173,
  193173,
  193493,
  194154,
  194176,
  194688,
  194709,
  195136,
  195178,
  195690,
  195733,
  196224,
  196245,
  196565,
  196565,
  196864,
  196906,
  197589,
  197589,
  197952,
  197973,
  198272,
  198314,
  198592,
  198634,
  199104,
  199274,
  199637,
  199637,
  201237,
  201621,
  201920,
  202304,
  203029,
  203050,
  203776,
  204117,
  204416,
  205077,
  205824,
  206464,
  206784,
  207146,
  207786,
  208554,
  209194,
  209557,
  209877,
  210560,
  211306,
  211946,
  212309,
  212672,
  212970,
  213098,
  213312,
  213994,
  214016,
  214464,
  214634,
  214976,
  215317,
  216000,
  216042,
  216640,
  217002,
  218048,
  218048,
  218389,
  218389,
  218709,
  218752,
  219029,
  219050,
  219413,
  219413,
  219754,
  219776,
  220074,
  220096,
  220416,
  220458,
  220757,
  220778,
  221141,
  221162,
  221461,
  221504,
  221802,
  221845,
  222144,
  222144,
  222506,
  222528,
  222826,
  222848,
  223189,
  223189,
  223509,
  223808,
  223978,
  224213,
  224234,
  224896,
  224917,
  225237,
  225258,
  225898,
  225898,
  226240,
  226282,
  226581,
  226602,
  226944,
  226944,
  227264,
  227285,
  227626,
  227648,
  227904,
  227946,
  228586,
  228949,
  229248,
  229589,
  229632,
  230357,
  230357,
  230656,
  230848,
  230976,
  231701,
  231701,
  232298,
  232533,
  232746,
  233194,
  233408,
  233664,
  233685,
  234346,
  234368,
  235072,
  235733,
  235776,
  236096,
  236266,
  236394,
  236800,
  237141,
  237162,
  237760,
  238122,
  238336,
  238634,
  238784,
  239509,
  239850,
  240085,
  240298,
  240554,
  240554,
  241216,
  241216,
  241792,
  241941,
  242261,
  242602,
  242645,
  242901,
  243285,
  243498,
  243690,
  243861,
  244117,
  244288,
  244565,
  244586,
  245184,
  245312,
  245696,
  245696,
  246016,
  246037,
  246314,
  246741,
  246762,
  247253,
  247402,
  247701,
  248042,
  248085,
  248704,
  248704,
  249088,
  249109,
  249408,
  249450,
  249770,
  249813,
  250496,
  250794,
  251456,
  251456,
  252096,
  252672,
  253141,
  253461,
  253781,
  253824,
  254080,
  254336,
  254549,
  254762,
  255018,
  255274,
  255552,
  255573,
  256234,
  256256,
  256917,
  257279,
  257600,
  257621,
  257920,
  258111,
  258261,
  258645,
  258965,
  258986,
  259285,
  259456,
  259626,
  259967,
  260160,
  260501,
  260672,
  261397,
  261417,
  261760,
  261781,
  261973,
  261973,
  262208,
  262229,
  262421,
  262421,
  263125,
  263146,
  263658,
  263808,
  264170,
  264490,
  264490,
  265088,
  265344,
  265386,
  265578,
  265621,
  265834,
  266026,
  266240,
  266432,
  266473,
  267114,
  267136,
  267434,
  267584,
  267818,
  268480,
  268480,
  268970,
  269141,
  269546,
  269888,
  269930,
  270186,
  270335,
  270549,
  271210,
  271253,
  271529,
  271572,
  272298,
  272576,
  272874,
  273258,
  273301,
  274005,
  274026,
  274666,
  274666,
  275136,
  275264,
  275562,
  275712,
  276053,
  276074,
  276736,
  276736,
  277440,
  277781,
  278101,
  278122,
  278741,
  279424,
  279424,
  280106,
  280149,
  280469,
  280768,
  281152,
  281429,
  281429,
  281770,
  282133,
  282473,
  282496,
  283157,
  283498,
  283861,
  284160,
  284522,
  284949,
  285376,
  285397,
  286186,
  286741,
  287082,
  287957,
  289066,
  289557,
  289792,
  290026,
  290176,
  290346,
  290496,
  290666,
  290794,
  290944,
  291050,
  291178,
  291242,
  291370,
  291456,
  291584,
  291690,
  291818,
  291904,
  292010,
  292053,
  292202,
  292288,
  292394,
  292480,
  292629,
  292736,
  292906,
  293120,
  293354,
  293589,
  293845,
  294101,
  294464
}
type{
  2,
  0,
  6,
  7,
  1,
  3,
  6,
  7,
  2,
  0,
  3,
  7,
  2,
  0,
  2,
  1,
  6,
  0,
  3,
  7,
  2,
  0,
  2,
  1,
  6,
  0,
  2,
  0,
  2,
  7,
  7,
  6,
  3,
  1,
  2,
  2,
  0,
  7,
  3,
  7,
  2,
  0,
  2,
  1,
  6,
  0,
  3,
  7,
  2,
  0,
  2,
  1,
  6,
  0,
  2,
  0,
  2,
  7,
  6,
  7,
  2,
  0,
  2,
  7,
  0,
  2,
  6,
  2,
  7,
  7,
  0,
  2,
  0,
  2,
  2,
  2,
  0,
  7,
  2,
  2,
  0,
  7,
  2,
  2,
  2,
  0,
  7,
  6,
  2,
  0,
  2,
  2,
  3,
  7,
  2,
  0,
  2,
  2,
  2,
  0,
  2,
  0,
  2,
  2,
  0,
  7,
  6,
  3,
  7,
  2,
  2,
  0,
  2,
  3,
  7,
  2,
  0,
  2,
  7,
  6,
  2,
  0,
  2,
  7,
  6,
  2,
  2,
  0,
  2,
  7,
  6,
  2,
  2,
  0,
  2,
  7,
  6,
  2,
  2,
  0,
  7,
  3,
  6,
  7,
  2,
  0,
  2,
  3,
  7,
  2,
  0,
  2,
  7,
  6,
  2,
  0,
  2,
  2,
  0,
  2,
  2,
  2,
  2,
  0,
  2,
  7,
  2,
  2,
  0,
  2,
  7,
  6,
  6,
  2,
  7,
  0,
  3,
  1,
  7,
  6,
  2,
  0,
  2,
  0,
  2,
  6,
  7,
  2,
  0,
  7,
  3,
  0,
  2,
  7,
  3,
  6,
  7,
  2,
  0,
  7,
  6,
  2,
  0,
  2,
  7,
  6,
  2,
  0,
  7,
  1,
  3,
  3,
  1,
  1,
  3,
  7,
  6,
  0,
  2,
  7,
  6,
  2,
  0,
  2,
  2,
  2,
  0,
  2,
  2,
  6,
  7,
  2,
  3,
  7,
  2,
  1,
  6,
  0,
  2,
  0,
  7,
  6,
  2,
  0,
  2,
  6,
  7,
  2,
  0,
  2,
  6,
  7,
  3,
  1,
  6,
  7,
  0,
  2,
  6,
  7,
  3,
  7,
  1,
  6,
  0,
  2,
  6,
  7,
  2,
  0,
  7,
  6,
  2,
  0,
  2,
  2,
  0,
  2,
  0,
  0,
  2,
  7,
  6,
  1,
  3,
  7,
  6,
  2,
  2,
  7,
  6,
  6,
  2,
  7,
  0,
  2,
  7,
  6,
  2,
  0,
  2,
  0,
  2,
  2,
  0,
  2,
  0,
  2,
  2,
  0,
  2,
  6,
  7,
  3,
  1,
  7,
  6,
  2,
  0,
  6,
  7,
  6,
  7,
  0,
  2,
  3,
  7,
  2,
  1,
  3,
  7,
  6,
  0,
  2,
  6,
  7,
  2,
  0,
  7,
  6,
  0,
  2,
  2,
  0,
  2,
  0,
  2,
  0,
  2,
  2,
  0,
  2,
  0,
  2,
  2,
  0,
  2,
  2,
  0,
  2,
  2,
  0,
  2,
  2,
  0,
  2,
  2,
  0,
  2,
  2,
  0,
  2,
  2,
  0,
  2,
  2,
  0,
  2,
  7,
  6,
  2,
  0,
  7,
  6,
  2,
  2,
  0,
  2,
  2,
  0,
  2,
  2,
  0,
  2,
  2,
  0,
  2,
  2,
  0,
  2,
  2,
  0,
  2,
  2,
  0,
  2,
  2,
  0,
  7,
  2,
  0,
  2,
  7,
  6,
  7,
  7,
  6,
  7,
  7,
  1,
  3,
  3,
  1,
  3,
  7,
  6,
  7,
  2,
  7,
  3,
  0,
  2,
  2,
  0,
  2,
  2,
  2,
  0,
  2,
  0,
  2,
  2,
  6,
  7,
  2,
  0,
  2,
  7,
  6,
  2,
  0,
  3,
  7,
  1,
  3,
  7,
  6,
  2,
  0,
  7,
  6,
  2,
  0,
  7,
  6,
  2,
  0,
  2,
  7,
  6,
  6,
  2,
  6,
  7,
  0,
  2,
  7,
  7,
  6,
  2,
  0,
  7,
  6,
  2,
  0,
  2,
  2,
  0,
  2,
  0,
  2,
  0,
  2,
  0,
  3,
  1,
  7,
  0,
  2,
  7,
  6,
  7,
  6,
  7,
  7,
  6,
  7,
  7,
  6,
  2,
  7,
  7,
  1,
  6,
  0,
  2,
  0,
  2,
  0,
  2,
  6,
  7,
  0,
  2,
  2,
  0,
  2,
  2,
  2,
  0,
  2,
  2,
  7,
  3,
  1,
  6,
  0,
  2,
  7,
  6,
  2,
  2,
  2,
  0,
  3,
  1,
  7,
  6,
  0,
  2,
  7,
  3,
  1,
  6,
  0,
  2,
  0,
  2,
  0,
  2,
  6,
  7,
  7,
  6,
  7,
  0,
  2,
  7,
  6,
  7,
  0,
  2,
  6,
  7,
  1,
  3,
  7,
  6,
  2,
  0,
  6,
  7,
  3,
  1,
  2,
  0,
  6,
  7,
  3,
  1,
  7,
  6,
  2,
  0,
  6,
  7,
  3,
  7,
  2,
  1,
  2,
  0,
  2,
  0,
  2,
  6,
  7,
  7,
  6,
  7,
  3,
  1,
  3,
  1,
  3,
  6,
  7,
  0,
  2,
  0,
  2,
  2,
  0,
  7,
  6,
  7,
  1,
  3,
  3,
  1,
  7,
  6,
  7,
  0,
  2,
  0,
  2,
  7,
  6,
  7,
  0,
  2,
  0,
  2,
  6,
  7,
  3,
  1,
  7,
  6,
  2,
  0,
  0,
  2,
  0,
  2,
  0,
  2,
  6,
  7,
  2,
  7,
  0,
  7,
  6,
  2,
  0,
  0,
  2,
  0,
  2,
  6,
  7,
  2,
  0,
  0,
  2,
  1,
  7,
  6,
  2,
  0,
  6,
  7,
  1,
  3,
  6,
  7,
  6,
  7,
  0,
  2,
  0,
  2,
  2,
  0,
  0,
  2,
  6,
  7,
  2,
  0,
  6,
  7,
  2,
  7,
  3,
  2,
  0,
  2,
  2,
  2,
  0,
  2,
  0,
  2,
  2,
  0,
  7,
  6,
  7,
  7,
  6,
  2,
  0,
  2,
  2,
  0,
  7,
  6,
  2,
  0,
  2,
  2,
  0,
  2,
  6,
  7,
  6,
  2,
  0,
  6,
  7,
  6,
  7,
  1,
  3,
  1,
  3,
  6,
  7,
  7,
  6,
  2,
  0,
  0,
  2,
  6,
  7,
  7,
  6,
  1,
  3,
  3,
  1,
  6,
  7,
  7,
  6,
  0,
  2,
  0,
  2,
  7,
  6,
  7,
  2,
  0,
  6,
  7,
  2,
  0,
  6,
  7,
  2,
  0,
  6,
  7,
  6,
  7,
  7,
  6,
  6,
  7,
  7,
  6,
  3,
  7,
  2,
  0,
  2,
  0,
  2,
  7,
  6,
  2,
  0,
  7,
  3,
  7,
  2,
  6,
  0,
  0,
  2,
  7,
  6,
  7,
  7,
  6,
  7,
  6,
  2,
  2,
  0,
  2,
  3,
  7,
  6,
  2,
  0,
  7,
  6,
  2,
  0,
  0,
  2,
  6,
  7,
  7,
  6,
  7,
  6,
  7,
  3,
  3,
  7,
  2,
  1,
  6,
  0,
  2,
  0,
  2,
  0,
  0,
  2,
  2,
  0,
  2,
  0,
  2,
  7,
  6,
  2,
  0,
  2,
  6,
  7,
  7,
  6,
  7,
  6,
  2,
  0,
  3,
  7,
  0,
  2,
  3,
  7,
  6,
  2,
  0,
  2,
  3,
  7,
  2,
  1,
  6,
  0,
  2,
  0,
  0,
  2,
  2,
  2,
  0,
  2,
  2,
  0,
  2,
  2,
  0,
  2,
  7,
  6,
  7,
  7,
  6,
  2,
  0,
  0,
  2,
  2,
  0,
  0,
  2,
  0,
  2,
  6,
  7,
  6,
  7,
  7,
  6,
  7,
  6,
  7,
  2,
  2,
  0,
  7,
  6,
  3,
  1,
  6,
  0,
  2,
  0,
  2,
  2,
  0,
  2,
  0,
  2,
  2,
  0,
  2,
  0,
  2,
  7,
  6,
  3,
  1,
  3,
  7,
  6,
  7,
  6,
  2,
  0,
  2,
  6,
  7,
  0,
  2,
  7,
  6,
  2,
  0,
  2,
  0,
  0,
  2,
  7,
  7,
  6,
  7,
  7,
  6,
  7,
  0,
  2,
  2,
  6,
  7,
  0,
  2,
  7,
  3,
  2,
  0,
  1,
  6,
  0,
  3,
  7,
  2,
  0,
  2,
  7,
  3,
  1,
  7,
  6,
  7,
  6,
  7,
  6,
  7,
  6,
  7,
  6,
  7,
  6,
  7,
  6,
  7,
  6,
  7,
  6,
  7,
  6,
  7,
  6,
  7,
  6,
  7,
  6,
  7,
  6,
  7,
  6,
  7,
  6,
  7,
  6,
  7
}