time{
  3456,
  3498,
  4970,
  4992,
  6528,
  6549,
  7381,
  7402,
  8105,
  8149,
  9664,
  9664,
  11221,
  11242,
  12778,
  12778,
  13568,
  13568,
  14336,
  14336,
  15914,
  15914,
  17450,
  17472,
  18240,
  18261,
  19029,
  19029,
  20096,
  20138,
  20565,
  20608,
  22122,
  22144,
  23701,
  23701,
  25237,
  25258,
  26026,
  26026,
  26816,
  26858,
  28352,
  28394,
  29162,
  29184,
  29930,
  29952,
  31466,
  31488,
  32213,
  32256,
  33002,
  33002,
  34368,
  34581,
  35989,
  36181,
  37504,
  37717,
  38528,
  38549,
  39317,
  39338,
  40640,
  40853,
  42240,
  42432,
  43754,
  43946,
  44778,
  44821,
  45525,
  45568,
  47061,
  47104,
  48640,
  49450,
  50240,
  51029,
  51754,
  51754,
  53333,
  54122,
  54912,
  55658,
  56426,
  56426,
  57066,
  57066,
  57962,
  57962,
  58730,
  58773,
  59562,
  59562,
  60309,
  60309,
  61098,
  61098,
  61866,
  61866,
  62677,
  62698,
  63424,
  63466,
  63808,
  63829,
  64192,
  64213,
  65002,
  65024,
  65770,
  65791,
  66517,
  66560,
  67285,
  67285,
  68074,
  68096,
  68885,
  68885,
  69248,
  69269,
  69632,
  69674,
  70016,
  70058,
  70421,
  70442,
  71232,
  72064,
  72810,
  73600,
  74325,
  75136,
  75541,
  75882,
  75882,
  76672,
  77461,
  78250,
  78997,
  79808,
  79808,
  80597,
  80640,
  81386,
  81770,
  82133,
  82133,
  82901,
  83690,
  84458,
  85226,
  85610,
  85632,
  86016,
  86016,
  86805,
  87552,
  87573,
  87957,
  87978,
  88320,
  88362,
  88746,
  88789,
  89152,
  89152,
  89941,
  90709,
  91072,
  91456,
  91477,
  92288,
  92288,
  93056,
  93056,
  93781,
  93802,
  94613,
  94656,
  95381,
  95381,
  96725,
  96938,
  98304,
  98517,
  99840,
  100032,
  100842,
  100842,
  101653,
  101674,
  102933,
  103189,
  104512,
  104725,
  106240,
  106240,
  106645,
  106688,
  107029,
  107050,
  107434,
  107477,
  107861,
  107861,
  108693,
  109034,
  109440,
  109440,
  110229,
  110570,
  110976,
  110976,
  111786,
  112170,
  112533,
  112533,
  113344,
  113706,
  114090,
  114090,
  114858,
  114901,
  115669,
  116010,
  116437,
  116458,
  117205,
  117397,
  117781,
  117952,
  118357,
  118741,
  118784,
  119146,
  119360,
  120320,
  120725,
  121130,
  121493,
  121920,
  122282,
  122666,
  123050,
  123413,
  123840,
  124245,
  124629,
  124970,
  125376,
  125760,
  126122,
  126506,
  126912,
  127360,
  127701,
  128085,
  128490,
  128874,
  129301,
  129621,
  130026,
  130410,
  130794,
  131221,
  131562,
  132010,
  132394,
  132736,
  133141,
  133546,
  133952,
  134336,
  134720,
  135104,
  135530,
  135872,
  136256,
  136725,
  137088,
  137450,
  137833,
  138261,
  138645,
  139008,
  139392,
  139818,
  140202,
  140586,
  140928,
  141354,
  141738,
  142122,
  142506,
  142912,
  143296,
  143658,
  144085,
  144469,
  144853,
  145258,
  145280,
  145877,
  146026,
  146410,
  146410,
  146816,
  146816,
  147413,
  147605,
  147989,
  148010,
  148373,
  148394,
  148928,
  149162,
  149568,
  149930,
  149952,
  150506,
  150677,
  151061,
  151104,
  151488,
  151488,
  152064,
  152256,
  152618,
  152640,
  153024,
  153045,
  153621,
  153792,
  154197,
  154197,
  154581,
  154602,
  155178,
  155370,
  155754,
  155776,
  156117,
  156160,
  156714,
  156885,
  157290,
  157290,
  157674,
  157717,
  158250,
  158464,
  158848,
  158869,
  159253,
  159296,
  159850,
  160021,
  160405,
  160426,
  160810,
  160832,
  161408,
  161557,
  161984,
  161984,
  162389,
  162410,
  162965,
  163136,
  163541,
  163562,
  163925,
  163968,
  164693,
  164714,
  165482,
  165482,
  165866,
  165909,
  166229,
  166272,
  167040,
  167040,
  167402,
  167445,
  167850,
  167872,
  168213,
  168256,
  168618,
  168661,
  169045,
  169194,
  169621,
  169770,
  170197,
  170581,
  170986,
  171349,
  171733,
  171754,
  172117,
  172138,
  172522,
  172544,
  173333,
  174101,
  174805,
  174826,
  175637,
  175680,
  176405,
  177237,
  178005,
  178794,
  179157,
  179541,
  179541,
  180160,
  180352,
  180714,
  181077,
  181077,
  181717,
  181888,
  182272,
  182634,
  182656,
  183274,
  183488,
  183850,
  184170,
  184213,
  184810,
  185024,
  185344,
  185386,
  185770,
  185770,
  186346,
  186517,
  186901,
  186901,
  187328,
  187328,
  187733,
  187754,
  187925,
  187968,
  188906,
  188906,
  190421,
  190421,
  191189,
  191594,
  192021,
  192042,
  193365,
  193557,
  193941,
  193962,
  194325,
  194368,
  194752,
  194752,
  195114,
  195157,
  196522,
  196672,
  197461,
  197482,
  198144,
  198336,
  198997,
  199040,
  199616,
  199786,
  200149,
  200149,
  200554,
  200554,
  200938,
  200960,
  201344,
  201365,
  201984,
  202154,
  202538,
  202560,
  202922,
  202965,
  203520,
  203733,
  204074,
  204437,
  204458,
  204757,
  205034,
  205248,
  205610,
  206037,
  206058,
  206421,
  206421,
  206805,
  206826,
  207210,
  207381,
  207594,
  207914,
  208170,
  208362,
  208789,
  208917,
  209152,
  209600,
  209749,
  209941,
  210325,
  210666,
  211050,
  211264,
  211456,
  211840,
  212245,
  212437,
  212821,
  213013,
  213397,
  213418,
  213802,
  213824,
  214506,
  214528,
  215360,
  215360,
  216149,
  216170,
  216512,
  216554,
  216938,
  216938,
  217706,
  217749,
  218453,
  218496,
  218880,
  218880,
  219264,
  219264,
  219669,
  219669,
  220032,
  220074,
  220821,
  220821,
  221440,
  221589,
  221952,
  221952,
  222357,
  222400,
  223168,
  223552,
  223957,
  224320,
  224746,
  225130,
  225557,
  225920,
  226304,
  226325,
  226709,
  227072,
  227498,
  227861,
  228245,
  228629,
  229056,
  229440,
  229802,
  230186,
  230592,
  230976,
  231360,
  231744,
  232149,
  232512,
  232917,
  233301,
  233706,
  234048,
  234453,
  234837,
  235221,
  235584,
  235626,
  235989,
  235989,
  236373,
  236416,
  236778,
  236800,
  237184,
  237205,
  237504,
  237504,
  237760,
  237760,
  237973,
  237994,
  238698,
  238698,
  238997,
  239040,
  239296,
  239317,
  239530,
  239552
}

type{
 0,
  2,
  6,
  7,
  1,
  3,
  6,
  7,
  0,
  2,
  6,
  7,
  1,
  3,
  6,
  7,
  0,
  2,
  0,
  2,
  6,
  7,
  1,
  3,
  2,
  0,
  6,
  7,
  6,
  7,
  0,
  2,
  0,
  2,
  0,
  2,
  0,
  2,
  6,
  7,
  1,
  3,
  6,
  7,
  2,
  0,
  7,
  6,
  0,
  2,
  2,
  0,
  6,
  7,
  2,
  0,
  6,
  7,
  3,
  1,
  6,
  7,
  2,
  0,
  2,
  0,
  6,
  7,
  3,
  1,
  7,
  6,
  2,
  0,
  7,
  6,
  2,
  0,
  7,
  6,
  0,
  2,
  2,
  0,
  7,
  6,
  0,
  2,
  6,
  7,
  0,
  2,
  1,
  3,
  6,
  7,
  0,
  2,
  1,
  3,
  6,
  7,
  0,
  2,
  7,
  6,
  0,
  2,
  6,
  7,
  0,
  2,
  7,
  6,
  1,
  3,
  6,
  7,
  2,
  0,
  6,
  7,
  0,
  2,
  6,
  7,
  1,
  3,
  6,
  7,
  2,
  0,
  7,
  6,
  2,
  0,
  2,
  6,
  7,
  2,
  0,
  7,
  6,
  0,
  2,
  7,
  6,
  2,
  0,
  0,
  2,
  2,
  0,
  7,
  6,
  0,
  2,
  6,
  7,
  2,
  7,
  6,
  2,
  0,
  1,
  3,
  6,
  7,
  0,
  2,
  7,
  6,
  2,
  0,
  7,
  6,
  2,
  0,
  7,
  0,
  2,
  7,
  6,
  0,
  2,
  3,
  1,
  6,
  7,
  2,
  0,
  6,
  7,
  0,
  2,
  3,
  1,
  2,
  0,
  1,
  3,
  0,
  2,
  1,
  3,
  0,
  2,
  6,
  7,
  2,
  0,
  6,
  7,
  2,
  0,
  6,
  7,
  6,
  7,
  0,
  2,
  6,
  7,
  0,
  2,
  3,
  1,
  2,
  0,
  7,
  6,
  2,
  0,
  7,
  6,
  2,
  6,
  7,
  2,
  0,
  7,
  6,
  2,
  0,
  2,
  0,
  2,
  0,
  2,
  0,
  2,
  0,
  2,
  0,
  2,
  0,
  7,
  6,
  7,
  6,
  7,
  6,
  7,
  6,
  7,
  6,
  7,
  6,
  7,
  6,
  7,
  6,
  3,
  1,
  3,
  1,
  3,
  1,
  3,
  1,
  7,
  6,
  7,
  6,
  2,
  0,
  2,
  0,
  7,
  6,
  7,
  6,
  3,
  1,
  3,
  1,
  7,
  6,
  7,
  6,
  2,
  0,
  2,
  0,
  6,
  7,
  2,
  0,
  6,
  7,
  0,
  2,
  3,
  1,
  6,
  7,
  0,
  2,
  7,
  6,
  2,
  6,
  7,
  2,
  0,
  6,
  7,
  0,
  2,
  3,
  1,
  6,
  7,
  0,
  2,
  3,
  1,
  6,
  7,
  0,
  2,
  3,
  1,
  7,
  6,
  0,
  2,
  3,
  1,
  6,
  7,
  0,
  2,
  3,
  1,
  6,
  7,
  0,
  2,
  3,
  1,
  6,
  7,
  0,
  2,
  3,
  1,
  6,
  7,
  0,
  2,
  2,
  0,
  6,
  7,
  1,
  3,
  7,
  6,
  0,
  2,
  7,
  6,
  1,
  3,
  0,
  2,
  1,
  3,
  0,
  2,
  1,
  3,
  0,
  2,
  2,
  0,
  7,
  6,
  2,
  0,
  3,
  1,
  0,
  2,
  0,
  2,
  7,
  6,
  2,
  0,
  6,
  7,
  0,
  2,
  3,
  6,
  2,
  0,
  2,
  6,
  7,
  2,
  0,
  7,
  0,
  2,
  7,
  6,
  2,
  0,
  2,
  7,
  6,
  2,
  0,
  7,
  2,
  6,
  0,
  2,
  0,
  2,
  7,
  6,
  0,
  2,
  6,
  7,
  0,
  2,
  0,
  2,
  0,
  2,
  1,
  3,
  7,
  6,
  2,
  0,
  2,
  0,
  6,
  7,
  2,
  0,
  6,
  7,
  2,
  0,
  3,
  1,
  6,
  7,
  2,
  0,
  6,
  7,
  2,
  0,
  6,
  7,
  0,
  2,
  1,
  3,
  6,
  7,
  2,
  0,
  7,
  6,
  2,
  0,
  7,
  6,
  2,
  6,
  7,
  2,
  0,
  7,
  6,
  0,
  2,
  6,
  7,
  0,
  2,
  2,
  0,
  2,
  0,
  2,
  0,
  7,
  6,
  7,
  6,
  7,
  6,
  7,
  3,
  1,
  3,
  1,
  3,
  7,
  6,
  7,
  6,
  2,
  0,
  6,
  7,
  0,
  2,
  6,
  7,
  2,
  0,
  6,
  7,
  0,
  2,
  3,
  1,
  6,
  7,
  0,
  2,
  6,
  7,
  0,
  2,
  1,
  3,
  6,
  7,
  2,
  0,
  6,
  7,
  0,
  2,
  3,
  1,
  7,
  6,
  2,
  0,
  2,
  6,
  2,
  0,
  2,
  0,
  2,
  0,
  2,
  0,
  2,
  0,
  2,
  0,
  2,
  0,
  2,
  0,
  2,
  6,
  7,
  6,
  7,
  6,
  7,
  6,
  7,
  0,
  2,
  6,
  7,
  3,
  1,
  6,
  7,
  0,
  2,
  0,
  2,
  6,
  7,
  0,
  2,
  1,
  3,
  3,
  1,
  6,
  7,
  0,
  2
}