time{
 3541,
  3669,
  3818,
  3968,
  4309,
  4480,
  4650,
  4970,
  5184,
  5354,
  5717,
  5888,
  6101,
  6272,
  6592,
  6634,
  6954,
  6997,
  7274,
  7317,
  7658,
  7680,
  8020,
  8042,
  8405,
  8405,
  8704,
  8746,
  9065,
  9109,
  9834,
  10560,
  11242,
  11584,
  11946,
  11968,
  12672,
  13376,
  14080,
  14101,
  14976,
  15125,
  15296,
  15466,
  15722,
  16000,
  16320,
  16447,
  16640,
  16853,
  17109,
  17429,
  17621,
  17749,
  17940,
  18112,
  19008,
  19029,
  19520,
  19520,
  20544,
  20693,
  20906,
  21098,
  21376,
  21653,
  22016,
  22186,
  22314,
  22506,
  22720,
  22869,
  23210,
  23594,
  23936,
  23936,
  24640,
  24682,
  24960,
  25002,
  25344,
  25386,
  26090,
  26602,
  26794,
  27029,
  27456,
  27477,
  27989,
  28160,
  28480,
  28522,
  28864,
  28906,
  29397,
  29589,
  29909,
  30080,
  30464,
  30506,
  30805,
  30826,
  31168,
  31189,
  31594,
  31616,
  32170,
  32192,
  32362,
  32405,
  32937,
  33109,
  33791,
  33834,
  34325,
  34496,
  34858,
  35008,
  35328,
  35690,
  36096,
  36224,
  36394,
  36608,
  36949,
  36970,
  37290,
  37290,
  37674,
  37674,
  38037,
  38037,
  38357,
  38400,
  38784,
  38890,
  39082,
  39274,
  39594,
  39722,
  39978,
  40320,
  40533,
  40682,
  41045,
  41216,
  41386,
  41600,
  41941,
  41984,
  42282,
  42304,
  42624,
  42666,
  43008,
  43157,
  43520,
  43562,
  43712,
  43776,
  44032,
  44032,
  44394,
  44565,
  44736,
  44885,
  45205,
  45376,
  45610,
  45973,
  46144,
  46336,
  46698,
  46848,
  47530,
  47552,
  47893,
  48256,
  48618,
  48640,
  48981,
  49024,
  49365,
  49493,
  49706,
  50026,
  50026,
  50965,
  51136,
  51306,
  51498,
  51797,
  52202,
  52522,
  52864,
  52864,
  53184,
  53418,
  53610,
  53845,
  54080,
  54272,
  54826,
  54890,
  54997,
  55530,
  55680,
  56064,
  56256,
  56533,
  56853,
  57088,
  57429,
  57621,
  57962,
  58282,
  58453,
  58837,
  58986,
  59349,
  59669,
  59861,
  60608,
  60629,
  61333,
  61333,
  64170,
  64170,
  65600,
  65600,
  66261,
  66304,
  67114,
  67242,
  67498,
  67669,
  67989,
  68245,
  68565,
  68736,
  68949,
  69120,
  69354,
  69610,
  69781,
  69994,
  70144,
  70336,
  71232,
  71253,
  71722,
  71765,
  72810,
  72981,
  73152,
  73365,
  73664,
  73920,
  74282,
  74474,
  74773,
  74773,
  75093,
  75093,
  75434,
  75477,
  75989,
  76160,
  76800,
  76821,
  77226,
  77269,
  77568,
  77610,
  78314,
  78890,
  79061,
  79530,
  79893,
  80085,
  80256,
  80426,
  80746,
  80746,
  81109,
  81152,
  81621,
  81792,
  82176,
  82304,
  82709,
  82752,
  83050,
  83093,
  83370,
  83413,
  83840,
  83861,
  84416,
  84608,
  85312,
  85354,
  85888,
  86058,
  86741,
  86762,
  87061,
  87210,
  87573,
  87936,
  88298,
  88448,
  88618,
  88789,
  89194,
  89578,
  89920,
  89962,
  90261,
  90304,
  90581,
  90624,
  90986,
  91136,
  91541,
  91690,
  92010,
  92330,
  92608,
  92778,
  92970,
  93290,
  93418,
  93610,
  93802,
  94144,
  94186,
  94506,
  94549,
  94869,
  94869,
  95210,
  95360,
  95530,
  95744,
  95936,
  96256,
  96256,
  96597,
  96789,
  96960,
  97152,
  97514,
  97685,
  97877,
  98218,
  98346,
  98517,
  98880,
  99008,
  99221,
  99413,
  99797,
  100160,
  100160,
  100480,
  100522,
  100864,
  100906,
  101248,
  101248,
  101589,
  101589,
  101909,
  101909,
  102250,
  102293,
  103232,
  103573,
  103744,
  104064,
  104426,
  104746,
  105109,
  105386,
  105600,
  105834,
  106069,
  106261,
  106560,
  107072,
  107264,
  107797,
  107989,
  108309,
  108501,
  108821,
  109141,
  109290,
  109696,
  109866,
  110229,
  110549,
  110741,
  110762,
  111082,
  111253,
  111637,
  111957,
  112106,
  112853,
  112896,
  113578,
  113578,
  114986,
  115008,
  116245,
  116288,
  117696,
  117696,
  119189,
  119936,
  120682,
  121344,
  122090,
  122773,
  123498,
  124181,
  124544,
  124928,
  125248,
  125610,
  125952,
  126314,
  126698,
  127018,
  127360,
  127722,
  128085,
  128384,
  128768,
  129109,
  129450,
  129770,
  130175,
  130560,
  130581,
  131861,
  131904,
  132608,
  132608,
  133141,
  133333,
  133674,
  133760,
  134016,
  134186,
  134549,
  134889,
  135061,
  135189,
  135360,
  135530,
  135744,
  135829,
  136128,
  136490,
  136853,
  137001,
  137216,
  137365,
  137749,
  137813,
  138176,
  138346,
  138666,
  138965,
  139328,
  139498,
  139861,
  140032,
  140394,
  140394,
  140970,
  141141,
  141461,
  141482,
  141802,
  141845,
  142144,
  142165,
  142485,
  142506,
  142848,
  142869,
  143189,
  143210,
  143701,
  143850,
  143978,
  144618,
  144639,
  145109,
  145109,
  145450,
  145621,
  145833,
  146197,
  146389,
  146538,
  146880,
  146901,
  147072,
  147093,
  147413,
  147583,
  147840,
  147989,
  148309,
  148458,
  148736,
  149055,
  149248,
  149418,
  149760,
  149930,
  150080,
  150272,
  150634,
  150997,
  151040,
  151360,
  151381,
  151658,
  151850,
  152192,
  152362,
  152725,
  152725,
  153088,
  153088,
  153301,
  153472,
  153642,
  154005,
  154154,
  154453,
  154709,
  154880,
  155050,
  155392,
  155562,
  155797,
  155946,
  156288,
  156330,
  156608,
  156650,
  156970,
  157354,
  157717,
  157760,
  158080,
  158101,
  158400,
  158421,
  158741,
  158741,
  159274,
  159637,
  159829,
  159978,
  160170,
  160469,
  160810,
  160832,
  161194,
  161216,
  161557,
  161856,
  162112,
  162304,
  162602,
  162816,
  163029,
  163520,
  163690,
  164202,
  164373,
  164757,
  164949,
  165248,
  165568,
  165760,
  166186,
  166229,
  166378,
  166741,
  167040,
  167210,
  167552,
  167744,
  168085,
  168128,
  168405,
  168405,
  168554,
  168576,
  168960,
  169280,
  169685,
  169706,
  170005,
  170048,
  171456,
  171456,
  172181,
  172202,
  172885,
  173034,
  173397,
  173696,
  173888,
  174272,
  174293,
  174784,
  174826,
  175146,
  175296,
  175680,
  175701,
  176021,
  176405,
  176746,
  177066,
  177258,
  177642,
  177792,
  178133,
  178474,
  178496,
  179029,
  179392,
  179562,
  179712,
  179925,
  180266,
  180437,
  180757,
  180949,
  181120,
  181312,
  181653,
  182037,
  182378,
  182570,
  182720,
  183146,
  183317,
  183488,
  183829,
  184234,
  184384,
  184704,
  184853,
  185130,
  185600,
  185770,
  185920,
  186090,
  186261,
  186432,
  186602,
  186794,
  186965,
  187328,
  187669,
  188010,
  188437,
  188544,
  188736,
  188949,
  189290,
  189461,
  189845,
  189994,
  190186,
  190357,
  190698,
  190848,
  191040,
  191232,
  191381,
  191552,
  191722,
  192064,
  192106,
  192277,
  192277,
  192640,
  192960,
  193344,
  193344,
  193685,
  193856,
  194048,
  194346,
  194538,
  194709,
  194752,
  195072,
  195072,
  195434,
  195776,
  196160,
  196181,
  196501,
  196693,
  197034,
  197120,
  197269,
  197589,
  197610
}

type{
 2,
  0,
  7,
  6,
  3,
  1,
  7,
  6,
  2,
  0,
  7,
  6,
  3,
  1,
  7,
  6,
  0,
  2,
  6,
  7,
  1,
  3,
  6,
  7,
  0,
  2,
  6,
  7,
  1,
  3,
  0,
  2,
  6,
  7,
  1,
  3,
  2,
  0,
  6,
  7,
  2,
  0,
  7,
  6,
  3,
  1,
  7,
  6,
  2,
  0,
  7,
  6,
  3,
  1,
  7,
  6,
  2,
  0,
  6,
  7,
  2,
  0,
  7,
  6,
  3,
  1,
  2,
  0,
  3,
  1,
  2,
  0,
  7,
  6,
  0,
  2,
  1,
  3,
  6,
  7,
  0,
  2,
  2,
  0,
  7,
  6,
  1,
  3,
  7,
  6,
  2,
  0,
  0,
  2,
  7,
  6,
  3,
  1,
  7,
  6,
  0,
  2,
  6,
  7,
  1,
  3,
  2,
  0,
  0,
  2,
  7,
  6,
  2,
  0,
  2,
  0,
  7,
  6,
  3,
  0,
  2,
  0,
  7,
  6,
  1,
  3,
  6,
  7,
  0,
  2,
  6,
  7,
  1,
  3,
  2,
  0,
  7,
  6,
  3,
  1,
  7,
  6,
  2,
  0,
  2,
  0,
  2,
  0,
  7,
  6,
  1,
  3,
  6,
  7,
  2,
  0,
  7,
  6,
  6,
  7,
  6,
  7,
  2,
  0,
  7,
  6,
  3,
  1,
  7,
  6,
  2,
  0,
  7,
  6,
  0,
  2,
  7,
  6,
  3,
  1,
  6,
  7,
  2,
  0,
  7,
  0,
  2,
  2,
  0,
  2,
  0,
  7,
  6,
  7,
  0,
  2,
  7,
  7,
  7,
  6,
  0,
  2,
  7,
  6,
  7,
  2,
  0,
  7,
  6,
  3,
  1,
  7,
  6,
  2,
  0,
  7,
  6,
  3,
  1,
  7,
  6,
  0,
  0,
  2,
  1,
  3,
  0,
  2,
  6,
  7,
  2,
  0,
  2,
  0,
  2,
  0,
  2,
  0,
  7,
  6,
  7,
  6,
  2,
  0,
  2,
  6,
  7,
  1,
  0,
  2,
  7,
  6,
  2,
  0,
  2,
  0,
  7,
  6,
  2,
  0,
  1,
  3,
  6,
  7,
  0,
  2,
  2,
  0,
  7,
  6,
  2,
  0,
  1,
  3,
  2,
  2,
  0,
  7,
  6,
  2,
  0,
  2,
  0,
  2,
  6,
  7,
  3,
  1,
  7,
  6,
  2,
  0,
  7,
  6,
  1,
  3,
  2,
  0,
  7,
  6,
  0,
  2,
  7,
  6,
  1,
  3,
  7,
  6,
  2,
  0,
  7,
  6,
  7,
  0,
  2,
  6,
  0,
  2,
  6,
  7,
  1,
  3,
  2,
  0,
  7,
  6,
  2,
  0,
  7,
  6,
  7,
  2,
  0,
  7,
  6,
  1,
  3,
  6,
  7,
  0,
  2,
  2,
  0,
  2,
  0,
  2,
  6,
  7,
  2,
  0,
  7,
  6,
  3,
  1,
  3,
  1,
  3,
  1,
  7,
  6,
  7,
  0,
  2,
  6,
  7,
  1,
  3,
  6,
  7,
  0,
  2,
  6,
  7,
  1,
  3,
  6,
  7,
  2,
  2,
  2,
  2,
  2,
  2,
  7,
  7,
  7,
  7,
  7,
  7,
  7,
  2,
  7,
  0,
  6,
  0,
  6,
  0,
  6,
  6,
  2,
  0,
  7,
  6,
  0,
  2,
  7,
  6,
  0,
  0,
  0,
  0,
  2,
  1,
  3,
  6,
  7,
  2,
  0,
  1,
  3,
  2,
  6,
  7,
  1,
  3,
  6,
  7,
  0,
  2,
  6,
  7,
  1,
  3,
  6,
  7,
  0,
  2,
  6,
  7,
  1,
  3,
  6,
  7,
  0,
  2,
  6,
  7,
  7,
  6,
  6,
  7,
  2,
  0,
  7,
  6,
  3,
  1,
  7,
  6,
  2,
  0,
  7,
  6,
  2,
  0,
  7,
  6,
  3,
  1,
  7,
  6,
  2,
  0,
  7,
  6,
  3,
  1,
  7,
  6,
  2,
  0,
  6,
  7,
  3,
  1,
  7,
  6,
  0,
  2,
  6,
  7,
  1,
  3,
  6,
  7,
  0,
  2,
  7,
  6,
  7,
  0,
  2,
  6,
  7,
  2,
  0,
  7,
  6,
  2,
  0,
  6,
  7,
  6,
  7,
  2,
  0,
  7,
  6,
  3,
  1,
  7,
  6,
  2,
  0,
  7,
  6,
  7,
  0,
  2,
  6,
  7,
  1,
  3,
  7,
  0,
  7,
  6,
  0,
  2,
  6,
  7,
  2,
  0,
  2,
  2,
  0,
  2,
  7,
  6,
  7,
  2,
  0,
  7,
  6,
  1,
  3,
  6,
  7,
  0,
  2,
  6,
  7,
  1,
  3,
  6,
  7,
  0,
  2,
  2,
  2,
  2,
  0,
  7,
  6,
  1,
  3,
  6,
  7,
  2,
  0,
  0,
  0,
  7,
  6,
  2,
  3,
  1,
  2,
  0,
  7,
  6,
  7,
  2,
  0,
  7,
  6,
  2,
  0,
  7,
  6,
  3,
  1,
  7,
  6,
  6,
  7,
  6,
  7,
  2,
  0,
  6,
  7,
  1,
  3,
  0,
  7,
  6,
  2,
  7,
  0,
  2,
  6,
  7,
  0,
  2,
  1,
  3,
  7,
  6,
  0,
  2,
  7,
  6,
  2,
  0,
  7,
  6,
  3,
  1,
  6,
  7,
  2,
  0,
  2,
  0,
  7,
  6,
  3,
  1,
  7,
  6,
  2,
  0,
  7,
  6,
  3,
  1,
  7,
  6,
  2,
  0,
  7,
  6,
  7,
  6,
  2,
  7,
  6,
  7,
  6,
  2,
  0,
  2,
  0,
  7,
  6,
  3,
  1,
  7,
  6,
  2,
  0,
  7,
  7,
  2,
  2,
  2,
  2,
  0,
  0,
  0,
  7,
  6,
  7,
  6,
  0,
  2,
  0,
  2,
  7,
  6,
  1,
  3,
  7,
  6,
  2,
  0,
  7,
  6,
  7,
  6,
  7,
  3,
  1,
  6,
  7,
  2,
  0,
  7,
  6,
  6,
  0,
  2
}